9780375822070
9780765348784
9781250887672
9781607103097
9781626864634
9784480831972
9780195019056
9780393974645
9780684176727
9780688110871
0688110878
0553213458
9780553213454
9780064471046
0064471047
9780064404990
9780060234812
9780063435131
9780060556501
9780063089495
9780061974151
9780547928210
9780547773742
0547773749
9780345430144
9780747545187
9780345348036
9781417795796
9780756987909
9780156035217
9780156035156
9780151015399
0345348036
9780061478789
9780007299263
9780060298814
9780441346646
9780064410342
9780613371513
9780006755234
0061478784
9780062697257
9780060853983
9780894808531
9780441003259
9780060853969
9780060853976
9780441008612
9780062934918
9780679893103
9780375938306
9780606407977
9780345913654
9780440418320
9780553535174
9780593178553
9780553535129
9780593179406
9780679879244
9780375838309
037582345X
9780375823459
9780063081918
9780062572233
9780062080233
0062572237
9781250318541
1250318548
9784150205881
9784861913938
9784861913945
9784861913952
9780575081390
9780756404079
9780756404741
9780756405892
9780575081406
9780316043915
0316043915
9784152094483
9780062060617
9780062060624
0062060627
9784488784010
9781478900832
9780316440868
9781250294623
9781250170972
9781427295514
9781250295446
0316556327
9780316556323
9780063429147
9780062662583
0063429144
0008239843
9780008239848
9780812985870
9780804137171
080413717X
9780099366911
9780099704904
9780712634328
9780756402693
9780809900039
9780886773847
9781857236163
9783596130733
9788448031701
9788448031718
9784806030263
9780345235176
9780345255235
9780345431912
9781857987904
9780553573404
0553573403
9780006479888
9780553808049
9780007448036
9780007548309
9780007428540
9780007548231
9780007491575
9780553588484
9780553593716
9780553582024
9781524796303
9780593598016
9780002245845
9780553103540
0345481283
9780345409645
9780345337665
9780394498218
9780307575852
9780307914019
9780553588941
9780553804676
9780575076945
9780575079755
9781596061040
9780140177190
9780345314529
9780345333858
9780345350497
9780345441188
9780394524061
9780606255332
9780718122706
9780722119570
9780871882004
9781570422058
0333781724
9780142302378
9780345506399
9780451457813
9780451461971
9780965725569
9781101128657
9781841493985
9780451457769
9781250244000
1250244005
1529001641
9781529001648
9780765378385
9780316565172
0316565172
9780060530945
9780060530921
9780060530938
9780062363565
9780061707391
0060530944
9781582344164
9780747579885
9781582346038
9781408856888
9781408803448
9780765356154
9781526681553
9780747570554
9780439139595
9780553283686
0553283685
9780593640333
9780441013593
9780593640340
9780441172719
9780593099322
9780143111580
9780441005901
9781101658055
0441172717
9780063021426
9780063021433
0063021439
9781250267665
9780804179058
9780804179041
9780553410082
9781250824042
9780007550715
9780374104092
9781482956740
9781482956757
9780765321534
076532153X
9784309463544
9780152057701
9780152066741
9784102036112
9780007149827
9780007149834
9780007150397
9780765309389
9780765348258
9782207258040
9780380818617
9784488587048
9784488587055
9780007133598
9780007138494
9780380979028
9780756957087
9780786181391
9780786182633
9780446533027
9780446677134
9781984820716
9781250834980
9780356521831
9798885794275
9781250834997
9781250835000
9781250847386
9781800243835
1800243839
1984802585
9781984802583
9781984826787
9780345539816
9780316421997
125031318X
9781250313188
9780765379948
9781785650567
9781481453066
1481453068
9781781084496
1781084491
0765338068
9780765338068
9781250212313
9784488758035
9780316246682
9781481424288
9780316565196
9780062110831
9780062110848
9780062110855
9781931520768
1931520763
9780451464163
9780756417109
9781101516003
9784150118358
9781405000178
9780062564337
0062564331
0755305078
0307743209
9780307743206
0307739856
9780307739858
9781439148501
9780452296299
9780375848117
9780375948114
9784336035806
9784336035813
9780060937935
9780061120053
9780413513502
9780553012668
9780553233377
9780553265866
9780553373974
9780575030657
9780575031234
9780963363756
9780963363763
9780963363770
9781568654294
9781857987119
0553012665
9781597802307
1597802301
9781597802314
159780231X
9780330427104
9780553382914
9781405041607
9781894815222
189481522X
9780575072305
9780743463423
9780743463430
9780753818428
0743463420
0151006849
9780380798360
9780380976522
9781892284792
9780441006861
9780441008001
9780441009961
9780007136360
9780060187262
9780060930073
9781417648337
0060187263
9780380793310
9780380793327
9780786249077
9781930846531
9780312146061
9780349108360
9780312147051
9780312858865
9780575075801
9780671719241
9780684817552
9780765317346
9780765356178
9780786146291
9780786147502
9780786163946
9780786168415
9780786174553
9783404144488
9780099263012
9780151909193
9780156002103
9780312267438
9780380723645
9780688124113
9780062233271
0062233270
9780061863660
0671743058
9780671743055
9780671742263
9780441630417
0441630413
9780553586978
9780575051744
9780812514452
9781557100467
9782070420643
9780246133960
9780441505326
9780887330704
9780887331251
9781619470934
0525246606
0451162145
9780688161125
9780375725845
0375725849
9780747200338
9780312944087
031294408X
9780312865832
9780345321381
9780380762767
9780425087855
9780575034969
9780575079700
9780586065853
9780739470107
9780743440813
9780765307293
9780877957614
0743440811
0671475525
9780380698870
9780575073780
9781250794802
9781250269010
9780586064993
9780879977832
0671253255
9780441006472
0445202718
9781481487375
148148737X
9780006148616
9780399118722
9780425036600
9780441644179
9780812512960
9780860000891
9780899684369
0399118721
9784309630038
9780380639908
9780394400808
9780552105453
9780552990950
9780553103823
9780856280283
9781569247143
0394400801
0899665144
9780899665146
0670162329
9780670162321
9781616962777
9781616962791
